301207045
9800
14063
7558
6918
9145
9395
6475
9808
8919
11733
11044
7007
5842
13932
10936
9087
6299
6471
160736
6366
7920
7450
6701
6708
7095
7510
7472
5855
5998
6592
10747
6440
5334
5818
5481
5842
6121
5698
6744
5874
5532
6262
5981
5652
7375
4933
5926
6317
7415
7034
16247
6393
7370
5988
7081
11840
7939
7168
9862
12881
7780
12260
13573
7447
6305
7105
7254
5720
6340
13430
7134
6596
8948
14256
6873
5642
5591
5167
7410
18882
9459
5842
5573
7905
7135
7832
5963
6144
7871
5731
9748
15296
6891
5731
6223
5208
5634
6033
6025
8419
24261
6287
5645
11423
7096
19393
6550
8089
5953
8924
5935
16477
9581
7152
7494
6670
8099
6318
5589
6986
6984
7667
6982
15289
6450
7946
8036
13733
7523
10714
12040
13840
8176
15324
6243
6543
5533
7079
7445
8934
6612
5951
9020
8322
8269
7331
9474
7922
16376
11633
12223
6215
7983
5498
13896
7805
5121
5638
6373
5590
4457
4704
5460
5079
4931
5647
4762
4582
4844
4884
4963
5042
4861
5400
5617
9002
14852
4993
7454
5178
6546
9407
5297
6182
7935
5781
5741
5362
5879
5690
7196
14229
5471
5786
5259
5243
5569
6612
5946
5737
5175
6182
5329
4948
5690
5108
5599
6158
6827
5716
5925
5896
5912
5594
5700
5647
6875
6263
10564
6893
5294
6295
5543
6656
7454
8143
10457
5904
5595
4973
6374
5277
5298
5405
5607
6284
15028
14283
8238
34100
10847
6616
5974
6506
6724
7026
6335
5308
5351
6404
4856
5636
6378
5677
5851
5647
5781
5786
5850
5323
7779
6064
6260
7067
5474
5420
6379
5854
5925
7039
6038
9298
167159
6031
6034
6180
7538
6234
5399
5176
5463
7954
6622
6608
5221
5564
5271
5068
6285
5157
5489
5146
5445
5627
5583
6793
6006
7068
5845
5284
5452
5309
5734
5275
5282
4606
4650
4529
5881
6146
5107
5038
6558
6350
5798
5844
5797
5959
6023
11212
5639
7833
6202
6321
9978
7813
5846
5507
5770
6236
5794
5531
6447
5670
5524
6075
5429
6415
5281
5444
6315
4805
4719
5251
5227
5842
5348
9075
4832
6059
5938
5558
5632
5580
4649
8187
7699
8202
6116
10022
5498
5606
6222
4704
4910
4904
4576
5010
9266
5526
5030
21852
9253
8850
5775
5298
5468
5557
4935
7846
7288
16774
7075
8609
8316
6453
10159
8317
24546
8686
8098
7530
7745
21757
10238
13194
30015
6616
16868
21623
14275
7175
6845
10294
14053
7009
5995
8557
14574
11497
34019
13763
7069
6038
6090
8168
5644
5475
7686
26188
6093
6664
5083
8441
4748
8684
6696
8873
6893
8709
6060
12649
76985
230021
36657
9576
5156
6194
6162
6130
9270
8734
6893
5286
4778
14358
16118
8176
5451
11332
4920
4561
6380
4766
5048
4844
5933
24627
14132
22282
5321
11207
6776
7703
8682
4763
7465
5391
6287
5955
6976
5488
6224
6254
6871
5214
4948
5674
4888
4307
5829
4618
4595
5137
5026
4965
4813
4768
6818
5443
6793
4527
7636
6950
11643
6181
5327
8681
5871
6692
4905
8905
6358
4926
11478
9419
8188
9589
6083
5454
74128
8927
10746
5388
7675
6605
6063
7494
4517
5184
4934
4922
4712
4698
5123
4490
4702
5752
4833
5519
5838
4803
5193
5460
5000
5163
6400
5839
14011
5753
7149
6235
5662
4791
4830
8762
6583
5532
5064
5340
5858
4380
7027
5506
4499
6208
20806
20513
6959
6690
9623
9280
6333
5237
6703
5496
4667
16831
7231
6421
4328
6393
8386
10095
9338
4768
7479
6324
6739
4615
6002
4836
4916
7272
12314
5245
5838
9692
5517
4754
4809
5153
5301
4940
4616
4587
4436
4166
4041
4431
4345
4381
4218
4457
4048
4439
5341
4672
4664
5323
4711
4541
4302
6091
5237
13398
5130
4825
5222
4358
4952
5656
5564
5316
5422
4378
4172
4449
5811
3943
4045
4816
3962
4369
4519
5694
4953
5353
4684
4320
4579
4482
4615
4476
4855
4517
4594
7176
5533
4525
5244
5240
6370
4162
4070
17611
4117
4037
7108
4958
5292
4908
5176
4130
4356
5060
10431
7324
4952
4802
4442
4533
4753
4401
4583
4580
4794
4485
4419
4453
4585
4796
4187
13514
4397
3508
17231
3658
4145
5177
4144
4114
4988
3799
3761
9000
4700
5289
7735
4842
4213
4935
4277
3880
3831
4786
4222
3969
3962
4201
4258
3634
3925
4851
4106
3983
4051
4566
4406
4105
4329
4164
3784
3750
3614
3896
4257
4319
4096
4712
4278
4158
4805
4932
4342
4697
3642
4438
5499
4820
7685
3913
4061
5146
3664
4312
4034
4066
3905
4139
3929
9670
4832
4394
4627
4320
4489
4642
4299
4164
4837
8182
8356
4869
5554
5802
9181
8267
5566
4717
4154
5451
13434
12513
37160
16053
7544
9456
6233
4646
7441
5564
5651
7598
5710
5577
6003
23400
5510
11396
24984
6265
23107
9542
23312
32957
8034
6048
6447
4229
4574
3993
5984
4009
5704
21845
4088
3965
4100
5464
4493
4646
7104
4710
4565
4570
8970
4640
4982
4708
5739
8616
4919
4346
5531
4383
26102
4537
3983
4419
4061
4744
3751
3572
3467
4863
3934
3896
4249
4321
3852
3964
3575
4031
3933
3955
3945
5957
4833
4781
4743
4236
4300
4037
4197
4080
3173
3358
3338
4107
3400
3983
3694
4023
4503
5175
4769
5203
3807
3938
4349
4152
3779
4591
3861
4201
4155
3736
3997
5368
4193
4482
5178
3539
4618
3449
3994
3670
3553
3504
5456
3816
3630
3707
3509
3887
3602
3846
3687
4338
3928
3667
3408
4217
3973
4393
4480
4728
4203
4379
4286
4349
5821
4916
3233
4026
6028
3605
3835
4394
3498
9672
10423
6089
4223
3616
4023
4774
5454
4503
8665
8634
10054
4043
3912
5336
11368
4654
4269
3700
3875
4214
4146
3296
3280
3467
3297
3596
3544
3843
3509
5099
6073
4453
4480
3780
5353
3438
4472
5584
20014
4783
4913
8584
6714
4592
11161
5430
5435
8249
5345
6161
6049
6502
8339
4597
4000
4165
5146
3622
3579
3879
4093
3679
3666
14480
18646
5726
12821
8748
4963
13194
4091
4999
4187
3976
4011
4423
4676
