12124635
8157067
17520
31983
20820
16985
17490
16761
15129
20232
9846
9564
11479
37109
56067
17304
10632
11147
8571
10098
26122
11454
8909
8686
8467
9273
8784
17469
10580
8603
8037
8016
8000
8142
8965
8493
11664
10502
14493
9980
23910
18714
14338
9428
9343
11301
11042
26331
19418
12989
9986
11576
12335
8666
10448
8418
10447
17254
9755
7358
8216
7361
9872
9764
10253
8999
11538
9795
17614
10258
21380
8606
9770
8291
9427
7896
8304
7498
9237
17708
9541
19385
10823
13838
16538
19105
11929
14446
10925
8924
14220
12833
9505
7401
8336
9635
9047
8594
10771
8142
